timestamp,time_id,hour,day,month
2026-04-14 23:53:03.120889,1,23,14,4
2026-04-15 02:25:03.120889,2,2,15,4
2026-04-15 06:30:03.120889,3,6,15,4
2026-04-15 02:36:03.120889,4,2,15,4
2026-04-15 00:15:03.120889,5,0,15,4
2026-04-15 16:25:03.120889,6,16,15,4
2026-04-15 19:09:03.120889,7,19,15,4
2026-04-15 14:16:03.120889,8,14,15,4
2026-04-15 18:16:03.120889,9,18,15,4
2026-04-15 11:16:03.120889,10,11,15,4
2026-04-15 11:59:03.120889,11,11,15,4
2026-04-15 14:31:03.120889,12,14,15,4
2026-04-15 03:46:03.120889,13,3,15,4
2026-04-15 07:50:03.120889,14,7,15,4
2026-04-15 16:53:03.120889,15,16,15,4
2026-04-15 06:25:03.120889,16,6,15,4
2026-04-15 03:45:03.120889,17,3,15,4
2026-04-15 03:24:03.120889,18,3,15,4
2026-04-15 14:08:03.120889,19,14,15,4
2026-04-15 10:32:03.120889,20,10,15,4
2026-04-15 11:22:03.120889,21,11,15,4
2026-04-15 10:08:03.120889,22,10,15,4
2026-04-15 03:06:03.120889,23,3,15,4
2026-04-15 04:52:03.120889,24,4,15,4
2026-04-15 06:31:03.120889,25,6,15,4
2026-04-15 07:07:03.120889,26,7,15,4
2026-04-15 03:55:03.120889,27,3,15,4
2026-04-15 17:04:03.120889,28,17,15,4
2026-04-15 10:44:03.120889,29,10,15,4
2026-04-15 17:32:03.120889,30,17,15,4
2026-04-15 18:15:03.120889,31,18,15,4
2026-04-15 04:57:03.120889,32,4,15,4
2026-04-15 05:59:03.120889,33,5,15,4
2026-04-14 23:50:03.120889,34,23,14,4
2026-04-15 07:06:03.120889,35,7,15,4
2026-04-14 21:05:03.120889,36,21,14,4
2026-04-14 22:44:03.120889,37,22,14,4
2026-04-15 01:19:03.120889,38,1,15,4
2026-04-15 01:29:03.120889,39,1,15,4
2026-04-15 02:17:03.120889,40,2,15,4
2026-04-15 15:39:03.120889,41,15,15,4
2026-04-15 04:59:03.120889,42,4,15,4
2026-04-14 21:40:03.120889,43,21,14,4
2026-04-15 08:40:03.120889,44,8,15,4
2026-04-15 06:57:03.120889,45,6,15,4
2026-04-15 07:16:03.120889,46,7,15,4
2026-04-15 01:37:03.120889,47,1,15,4
2026-04-15 01:32:03.120889,48,1,15,4
2026-04-15 06:51:03.120889,49,6,15,4
2026-04-15 03:29:03.120889,50,3,15,4
2026-04-15 07:01:03.120889,51,7,15,4
2026-04-15 16:31:03.120889,52,16,15,4
2026-04-15 02:49:03.120889,53,2,15,4
2026-04-15 15:02:03.120889,54,15,15,4
2026-04-15 02:14:03.120889,55,2,15,4
2026-04-14 20:07:03.120889,56,20,14,4
2026-04-15 13:28:03.120889,57,13,15,4
2026-04-15 11:11:03.120889,58,11,15,4
2026-04-15 11:34:03.120889,59,11,15,4
2026-04-15 12:54:03.120889,60,12,15,4
2026-04-15 13:05:03.120889,61,13,15,4
2026-04-15 11:25:03.120889,62,11,15,4
2026-04-15 16:40:03.120889,63,16,15,4
2026-04-15 18:23:03.120889,64,18,15,4
2026-04-15 11:14:03.120889,65,11,15,4
2026-04-15 04:01:03.120889,66,4,15,4
2026-04-15 18:08:03.120889,67,18,15,4
2026-04-14 21:51:03.120889,68,21,14,4
2026-04-15 08:44:03.120889,69,8,15,4
2026-04-14 20:49:03.120889,70,20,14,4
2026-04-14 22:45:03.120889,71,22,14,4
2026-04-15 04:46:03.120889,72,4,15,4
2026-04-14 23:15:03.120889,73,23,14,4
2026-04-14 20:44:03.120889,74,20,14,4
2026-04-15 02:13:03.120889,75,2,15,4
2026-04-15 07:45:03.120889,76,7,15,4
2026-04-15 12:37:03.120889,77,12,15,4
2026-04-15 13:29:03.120889,78,13,15,4
2026-04-15 15:22:03.120889,79,15,15,4
2026-04-14 23:14:03.120889,80,23,14,4
2026-04-15 07:22:03.120889,81,7,15,4
2026-04-15 00:08:03.120889,82,0,15,4
2026-04-15 04:44:03.120889,83,4,15,4
2026-04-15 13:07:03.120889,84,13,15,4
2026-04-15 15:16:03.120889,85,15,15,4
2026-04-15 12:17:03.120889,86,12,15,4
2026-04-15 08:00:03.120889,87,8,15,4
2026-04-15 04:15:03.120889,88,4,15,4
2026-04-15 02:22:03.120889,89,2,15,4
2026-04-15 15:34:03.120889,90,15,15,4
2026-04-14 22:41:03.120889,91,22,14,4
2026-04-15 17:35:03.120889,92,17,15,4
2026-04-15 09:55:03.120889,93,9,15,4
2026-04-14 23:30:03.120889,94,23,14,4
2026-04-15 00:33:03.120889,95,0,15,4
2026-04-15 00:56:03.120889,96,0,15,4
2026-04-15 13:14:03.120889,97,13,15,4
2026-04-14 22:29:03.120889,98,22,14,4
2026-04-15 18:03:03.120889,99,18,15,4
2026-04-15 01:18:03.120889,100,1,15,4
2026-04-14 19:46:03.120889,101,19,14,4
2026-04-14 22:49:03.120889,102,22,14,4
2026-04-15 08:25:03.120889,103,8,15,4
2026-04-15 12:07:03.120889,104,12,15,4
2026-04-15 09:58:03.120889,105,9,15,4
2026-04-15 03:30:03.120889,106,3,15,4
2026-04-15 05:50:03.120889,107,5,15,4
2026-04-15 13:38:03.120889,108,13,15,4
2026-04-14 21:55:03.120889,109,21,14,4
2026-04-15 02:42:03.120889,110,2,15,4
2026-04-15 00:26:03.120889,111,0,15,4
2026-04-15 13:34:03.120889,112,13,15,4
2026-04-15 11:53:03.120889,113,11,15,4
2026-04-15 12:42:03.120889,114,12,15,4
2026-04-14 20:57:03.120889,115,20,14,4
2026-04-15 16:35:03.120889,116,16,15,4
2026-04-15 12:56:03.120889,117,12,15,4
2026-04-15 15:29:03.120889,118,15,15,4
2026-04-15 12:26:03.120889,119,12,15,4
2026-04-15 16:18:03.120889,120,16,15,4
2026-04-15 12:15:03.120889,121,12,15,4
2026-04-15 16:15:03.120889,122,16,15,4
2026-04-14 23:07:03.120889,123,23,14,4
2026-04-14 23:29:03.120889,124,23,14,4
2026-04-15 00:04:03.120889,125,0,15,4
2026-04-14 23:03:03.120889,126,23,14,4
2026-04-15 03:20:03.120889,127,3,15,4
2026-04-15 06:07:03.120889,128,6,15,4
2026-04-15 01:24:03.120889,129,1,15,4
2026-04-15 06:04:03.120889,130,6,15,4
2026-04-15 19:04:03.120889,131,19,15,4
2026-04-15 01:22:03.120889,132,1,15,4
2026-04-14 22:22:03.120889,133,22,14,4
2026-04-14 21:22:03.120889,134,21,14,4
2026-04-15 01:35:03.120889,135,1,15,4
2026-04-15 07:58:03.120889,136,7,15,4
2026-04-15 01:20:03.120889,137,1,15,4
2026-04-14 22:34:03.120889,138,22,14,4
2026-04-15 09:19:03.120889,139,9,15,4
2026-04-15 18:56:03.120889,140,18,15,4
2026-04-14 20:19:03.120889,141,20,14,4
2026-04-15 09:30:03.120889,142,9,15,4
2026-04-15 06:27:03.120889,143,6,15,4
2026-04-15 18:43:03.120889,144,18,15,4
2026-04-15 18:45:03.120889,145,18,15,4
2026-04-15 09:26:03.120889,146,9,15,4
2026-04-15 12:33:03.120889,147,12,15,4
2026-04-15 14:58:03.120889,148,14,15,4
2026-04-15 04:34:03.120889,149,4,15,4
2026-04-14 21:39:03.120889,150,21,14,4
2026-04-14 22:46:03.120889,151,22,14,4
2026-04-15 05:47:03.120889,152,5,15,4
2026-04-15 00:17:03.120889,153,0,15,4
2026-04-14 22:42:03.120889,154,22,14,4
2026-04-15 07:03:03.120889,155,7,15,4
2026-04-15 13:19:03.120889,156,13,15,4
2026-04-15 08:01:03.120889,157,8,15,4
2026-04-14 21:52:03.120889,158,21,14,4
2026-04-15 05:36:03.120889,159,5,15,4
2026-04-15 13:20:03.120889,160,13,15,4
2026-04-15 16:36:03.120889,161,16,15,4
2026-04-15 11:30:03.120889,162,11,15,4
2026-04-15 07:40:03.120889,163,7,15,4
2026-04-14 20:43:03.120889,164,20,14,4
2026-04-14 21:57:03.120889,165,21,14,4
2026-04-15 04:53:03.120889,166,4,15,4
2026-04-15 19:29:03.120889,167,19,15,4
2026-04-15 08:24:03.120889,168,8,15,4
2026-04-15 00:16:03.120889,169,0,15,4
2026-04-14 23:00:03.120889,170,23,14,4
2026-04-15 00:01:03.120889,171,0,15,4
2026-04-15 10:45:03.120889,172,10,15,4
2026-04-15 16:04:03.120889,173,16,15,4
2026-04-15 01:02:03.120889,174,1,15,4
2026-04-15 02:34:03.120889,175,2,15,4
2026-04-15 09:56:03.120889,176,9,15,4
2026-04-15 18:19:03.120889,177,18,15,4
2026-04-15 07:29:03.120889,178,7,15,4
2026-04-15 03:43:03.120889,179,3,15,4
2026-04-15 12:04:03.120889,180,12,15,4
2026-04-15 03:52:03.120889,181,3,15,4
2026-04-15 18:51:03.120889,182,18,15,4
2026-04-14 20:52:03.120889,183,20,14,4
2026-04-15 06:41:03.120889,184,6,15,4
2026-04-15 02:50:03.120889,185,2,15,4
2026-04-15 08:10:03.120889,186,8,15,4
2026-04-14 22:53:03.120889,187,22,14,4
2026-04-15 03:17:03.120889,188,3,15,4
2026-04-15 04:16:03.120889,189,4,15,4
2026-04-14 23:05:03.120889,190,23,14,4
2026-04-15 18:36:03.120889,191,18,15,4
2026-04-15 12:10:03.120889,192,12,15,4
2026-04-15 07:59:03.120889,193,7,15,4
2026-04-15 17:19:03.120889,194,17,15,4
2026-04-15 08:16:03.120889,195,8,15,4
2026-04-15 08:57:03.120889,196,8,15,4
2026-04-15 00:58:03.120889,197,0,15,4
2026-04-14 22:56:03.120889,198,22,14,4
2026-04-15 02:57:03.120889,199,2,15,4
2026-04-15 03:41:03.120889,200,3,15,4
2026-04-15 03:12:03.120889,201,3,15,4
2026-04-15 08:48:03.120889,202,8,15,4
2026-04-15 19:35:03.120889,203,19,15,4
2026-04-14 20:06:03.120889,204,20,14,4
2026-04-14 19:58:03.120889,205,19,14,4
2026-04-15 01:13:03.120889,206,1,15,4
2026-04-15 02:41:03.120889,207,2,15,4
2026-04-15 15:35:03.120889,208,15,15,4
2026-04-14 20:53:03.120889,209,20,14,4
2026-04-15 00:10:03.120889,210,0,15,4
2026-04-15 12:59:03.120889,211,12,15,4
2026-04-15 17:37:03.120889,212,17,15,4
2026-04-14 20:42:03.120889,213,20,14,4
2026-04-14 21:16:03.120889,214,21,14,4
2026-04-15 10:11:03.120889,215,10,15,4
2026-04-15 12:41:03.120889,216,12,15,4
2026-04-14 22:58:03.120889,217,22,14,4
2026-04-14 21:23:03.120889,218,21,14,4
2026-04-15 15:04:03.120889,219,15,15,4
2026-04-14 21:42:03.120889,220,21,14,4
2026-04-14 23:11:03.120889,221,23,14,4
2026-04-15 10:49:03.120889,222,10,15,4
2026-04-15 07:56:03.120889,223,7,15,4
2026-04-15 12:27:03.120889,224,12,15,4
2026-04-15 09:47:03.120889,225,9,15,4
2026-04-15 03:05:03.120889,226,3,15,4
2026-04-15 13:57:03.120889,227,13,15,4
2026-04-15 17:51:03.120889,228,17,15,4
2026-04-15 08:42:03.120889,229,8,15,4
2026-04-15 04:11:03.120889,230,4,15,4
2026-04-15 17:02:03.120889,231,17,15,4
2026-04-15 15:01:03.120889,232,15,15,4
2026-04-15 13:30:03.120889,233,13,15,4
2026-04-15 10:05:03.120889,234,10,15,4
2026-04-15 04:31:03.120889,235,4,15,4
2026-04-15 15:59:03.120889,236,15,15,4
2026-04-15 16:32:03.120889,237,16,15,4
2026-04-14 21:06:03.120889,238,21,14,4
2026-04-15 06:15:03.120889,239,6,15,4
2026-04-15 12:14:03.120889,240,12,15,4
2026-04-15 09:51:03.120889,241,9,15,4
2026-04-15 03:15:03.120889,242,3,15,4
2026-04-15 01:46:03.120889,243,1,15,4
2026-04-14 21:41:03.120889,244,21,14,4
2026-04-15 15:27:03.120889,245,15,15,4
2026-04-15 07:31:03.120889,246,7,15,4
2026-04-15 10:02:03.120889,247,10,15,4
2026-04-15 06:39:03.120889,248,6,15,4
2026-04-15 01:23:03.120889,249,1,15,4
2026-04-15 09:24:03.120889,250,9,15,4
2026-04-15 18:28:03.120889,251,18,15,4
2026-04-14 22:09:03.120889,252,22,14,4
2026-04-15 06:00:03.120889,253,6,15,4
2026-04-15 07:54:03.120889,254,7,15,4
2026-04-14 23:35:03.120889,255,23,14,4
2026-04-15 04:13:03.120889,256,4,15,4
2026-04-15 15:23:03.120889,257,15,15,4
2026-04-15 09:22:03.120889,258,9,15,4
2026-04-15 11:49:03.120889,259,11,15,4
2026-04-15 01:01:03.120889,260,1,15,4
2026-04-14 23:45:03.120889,261,23,14,4
2026-04-15 16:57:03.120889,262,16,15,4
2026-04-15 01:47:03.120889,263,1,15,4
2026-04-15 01:08:03.120889,264,1,15,4
2026-04-14 21:10:03.120889,265,21,14,4
2026-04-15 16:09:03.120889,266,16,15,4
2026-04-14 20:28:03.120889,267,20,14,4
2026-04-15 09:18:03.120889,268,9,15,4
2026-04-15 04:35:03.120889,269,4,15,4
2026-04-15 18:29:03.120889,270,18,15,4
2026-04-15 10:13:03.120889,271,10,15,4
2026-04-14 19:47:03.120889,272,19,14,4
2026-04-15 07:11:03.120889,273,7,15,4
2026-04-15 15:33:03.120889,274,15,15,4
2026-04-15 01:53:03.120889,275,1,15,4
2026-04-15 06:54:03.120889,276,6,15,4
2026-04-15 09:29:03.120889,277,9,15,4
2026-04-15 11:43:03.120889,278,11,15,4
2026-04-15 05:34:03.120889,279,5,15,4
2026-04-14 22:19:03.120889,280,22,14,4
2026-04-15 10:48:03.120889,281,10,15,4
2026-04-14 19:45:03.120889,282,19,14,4
2026-04-15 06:03:03.120889,283,6,15,4
2026-04-15 19:32:03.120889,284,19,15,4
2026-04-15 11:02:03.120889,285,11,15,4
2026-04-15 16:39:03.120889,286,16,15,4
2026-04-15 13:46:03.120889,287,13,15,4
2026-04-15 12:02:03.120889,288,12,15,4
2026-04-15 19:01:03.120889,289,19,15,4
2026-04-15 08:38:03.120889,290,8,15,4
2026-04-15 17:40:03.120889,291,17,15,4
2026-04-15 07:43:03.120889,292,7,15,4
2026-04-15 12:28:03.120889,293,12,15,4
2026-04-15 03:11:03.120889,294,3,15,4
2026-04-15 15:55:03.120889,295,15,15,4
2026-04-15 00:44:03.120889,296,0,15,4
2026-04-15 02:40:03.120889,297,2,15,4
2026-04-15 06:18:03.120889,298,6,15,4
2026-04-15 08:19:03.120889,299,8,15,4
2026-04-14 21:48:03.120889,300,21,14,4
2026-04-15 06:47:03.120889,301,6,15,4
2026-04-15 03:00:03.120889,302,3,15,4
2026-04-15 14:03:03.120889,303,14,15,4
2026-04-14 22:33:03.120889,304,22,14,4
2026-04-15 16:30:03.120889,305,16,15,4
2026-04-15 18:38:03.120889,306,18,15,4
2026-04-15 11:44:03.120889,307,11,15,4
2026-04-15 18:24:03.120889,308,18,15,4
2026-04-15 00:05:03.120889,309,0,15,4
2026-04-15 01:26:03.120889,310,1,15,4
2026-04-15 09:13:03.120889,311,9,15,4
2026-04-15 05:39:03.120889,312,5,15,4
2026-04-14 20:39:03.120889,313,20,14,4
2026-04-15 04:24:03.120889,314,4,15,4
2026-04-15 14:50:03.120889,315,14,15,4
2026-04-15 01:04:03.120889,316,1,15,4
2026-04-15 06:29:03.120889,317,6,15,4
2026-04-15 05:16:03.120889,318,5,15,4
2026-04-15 15:24:03.120889,319,15,15,4
2026-04-15 04:12:03.120889,320,4,15,4
2026-04-15 01:06:03.120889,321,1,15,4
2026-04-15 06:55:03.120889,322,6,15,4
2026-04-15 04:55:03.120889,323,4,15,4
2026-04-15 11:35:03.120889,324,11,15,4
2026-04-14 22:25:03.120889,325,22,14,4
2026-04-15 11:39:03.120889,326,11,15,4
2026-04-15 13:15:03.120889,327,13,15,4
2026-04-15 17:30:03.120889,328,17,15,4
2026-04-14 19:41:03.120889,329,19,14,4
2026-04-15 11:45:03.120889,330,11,15,4
2026-04-15 15:46:03.120889,331,15,15,4
2026-04-15 16:06:03.120889,332,16,15,4
2026-04-15 08:27:03.120889,333,8,15,4
2026-04-15 12:47:03.120889,334,12,15,4
2026-04-14 21:00:03.120889,335,21,14,4
2026-04-15 16:02:03.120889,336,16,15,4
2026-04-14 23:40:03.120889,337,23,14,4
2026-04-15 15:51:03.120889,338,15,15,4
2026-04-15 06:52:03.120889,339,6,15,4
2026-04-15 14:04:03.120889,340,14,15,4
2026-04-15 18:06:03.120889,341,18,15,4
2026-04-15 18:04:03.120889,342,18,15,4
2026-04-14 22:02:03.120889,343,22,14,4
2026-04-15 00:47:03.120889,344,0,15,4
2026-04-14 20:01:03.120889,345,20,14,4
2026-04-15 07:39:03.120889,346,7,15,4
2026-04-15 13:50:03.120889,347,13,15,4
2026-04-14 21:25:03.120889,348,21,14,4
2026-04-15 05:03:03.120889,349,5,15,4
2026-04-15 18:42:03.120889,350,18,15,4
2026-04-15 10:23:03.120889,351,10,15,4
2026-04-15 14:26:03.120889,352,14,15,4
2026-04-15 09:23:03.120889,353,9,15,4
2026-04-15 01:33:03.120889,354,1,15,4
2026-04-15 14:29:03.120889,355,14,15,4
2026-04-14 23:24:03.120889,356,23,14,4
2026-04-14 22:00:03.120889,357,22,14,4
2026-04-15 14:54:03.120889,358,14,15,4
2026-04-14 19:50:03.120889,359,19,14,4
2026-04-15 19:07:03.120889,360,19,15,4
2026-04-14 22:12:03.120889,361,22,14,4
2026-04-15 00:12:03.120889,362,0,15,4
2026-04-15 10:14:03.120889,363,10,15,4
2026-04-15 05:25:03.120889,364,5,15,4
2026-04-15 11:32:03.120889,365,11,15,4
2026-04-15 14:30:03.120889,366,14,15,4
2026-04-15 05:12:03.120889,367,5,15,4
2026-04-15 15:56:03.120889,368,15,15,4
2026-04-15 15:36:03.120889,369,15,15,4
2026-04-14 23:13:03.120889,370,23,14,4
2026-04-15 07:44:03.120889,371,7,15,4
2026-04-15 00:38:03.120889,372,0,15,4
2026-04-15 02:06:03.120889,373,2,15,4
2026-04-15 14:48:03.120889,374,14,15,4
2026-04-15 07:38:03.120889,375,7,15,4
2026-04-15 02:35:03.120889,376,2,15,4
2026-04-15 15:11:03.120889,377,15,15,4
2026-04-15 18:53:03.120889,378,18,15,4
2026-04-15 16:19:03.120889,379,16,15,4
2026-04-15 13:25:03.120889,380,13,15,4
2026-04-15 16:56:03.120889,381,16,15,4
2026-04-15 09:08:03.120889,382,9,15,4
2026-04-15 06:38:03.120889,383,6,15,4
2026-04-15 04:48:03.120889,384,4,15,4
2026-04-14 21:34:03.120889,385,21,14,4
2026-04-15 16:45:03.120889,386,16,15,4
2026-04-15 16:27:03.120889,387,16,15,4
2026-04-15 07:32:03.120889,388,7,15,4
2026-04-15 06:08:03.120889,389,6,15,4
2026-04-15 06:23:03.120889,390,6,15,4
2026-04-14 21:31:03.120889,391,21,14,4
2026-04-14 23:52:03.120889,392,23,14,4
2026-04-15 18:14:03.120889,393,18,15,4
2026-04-15 05:43:03.120889,394,5,15,4
2026-04-15 06:26:03.120889,395,6,15,4
2026-04-15 17:55:03.120889,396,17,15,4
2026-04-15 04:50:03.120889,397,4,15,4
2026-04-15 17:33:03.120889,398,17,15,4
2026-04-15 00:34:03.120889,399,0,15,4
2026-04-14 20:35:03.120889,400,20,14,4
2026-04-15 08:53:03.120889,401,8,15,4
2026-04-15 07:20:03.120889,402,7,15,4
2026-04-15 11:29:03.120889,403,11,15,4
2026-04-15 00:40:03.120889,404,0,15,4
2026-04-15 09:35:03.120889,405,9,15,4
2026-04-15 14:05:03.120889,406,14,15,4
2026-04-15 14:10:03.120889,407,14,15,4
2026-04-14 22:57:03.120889,408,22,14,4
2026-04-15 15:37:03.120889,409,15,15,4
2026-04-15 05:14:03.120889,410,5,15,4
2026-04-14 19:59:03.120889,411,19,14,4
2026-04-15 01:28:03.120889,412,1,15,4
2026-04-14 21:30:03.120889,413,21,14,4
2026-04-15 07:24:03.120889,414,7,15,4
2026-04-15 17:56:03.120889,415,17,15,4
2026-04-14 20:41:03.120889,416,20,14,4
2026-04-15 01:30:03.120889,417,1,15,4
2026-04-15 00:23:03.120889,418,0,15,4
2026-04-15 14:13:03.120889,419,14,15,4
2026-04-14 23:58:03.120889,420,23,14,4
2026-04-15 06:16:03.120889,421,6,15,4
2026-04-15 11:52:03.120889,422,11,15,4
2026-04-14 20:46:03.120889,423,20,14,4
2026-04-15 16:59:03.120889,424,16,15,4
2026-04-14 20:02:03.120889,425,20,14,4
2026-04-15 14:59:03.120889,426,14,15,4
2026-04-15 09:03:03.120889,427,9,15,4
2026-04-15 04:29:03.120889,428,4,15,4
2026-04-15 02:54:03.120889,429,2,15,4
2026-04-15 03:38:03.120889,430,3,15,4
2026-04-15 06:09:03.120889,431,6,15,4
2026-04-15 00:27:03.120889,432,0,15,4
2026-04-15 17:31:03.120889,433,17,15,4
2026-04-15 14:34:03.120889,434,14,15,4
2026-04-15 17:01:03.120889,435,17,15,4
2026-04-15 09:32:03.120889,436,9,15,4
2026-04-15 09:00:03.120889,437,9,15,4
2026-04-14 21:19:03.120889,438,21,14,4
2026-04-15 05:01:03.120889,439,5,15,4
2026-04-15 01:27:03.120889,440,1,15,4
2026-04-15 05:21:03.120889,441,5,15,4
2026-04-15 03:21:03.120889,442,3,15,4
2026-04-15 01:44:03.120889,443,1,15,4
2026-04-15 04:05:03.120889,444,4,15,4
2026-04-15 03:27:03.120889,445,3,15,4
2026-04-15 02:52:03.120889,446,2,15,4
2026-04-15 00:59:03.120889,447,0,15,4
2026-04-15 15:26:03.120889,448,15,15,4
2026-04-15 18:26:03.120889,449,18,15,4
2026-04-15 01:57:03.120889,450,1,15,4
2026-04-15 17:08:03.120889,451,17,15,4
2026-04-15 15:43:03.120889,452,15,15,4
2026-04-15 14:47:03.120889,453,14,15,4
2026-04-15 17:06:03.120889,454,17,15,4
2026-04-14 20:54:03.120889,455,20,14,4
2026-04-14 20:29:03.120889,456,20,14,4
2026-04-15 05:44:03.120889,457,5,15,4
2026-04-15 07:05:03.120889,458,7,15,4
2026-04-14 21:04:03.120889,459,21,14,4
2026-04-14 23:55:03.120889,460,23,14,4
2026-04-15 00:36:03.120889,461,0,15,4
2026-04-15 12:18:03.120889,462,12,15,4
2026-04-15 06:42:03.120889,463,6,15,4
2026-04-15 17:09:03.120889,464,17,15,4
2026-04-14 21:27:03.120889,465,21,14,4
2026-04-15 15:17:03.120889,466,15,15,4
2026-04-15 14:33:03.120889,467,14,15,4
2026-04-15 18:34:03.120889,468,18,15,4
2026-04-15 02:58:03.120889,469,2,15,4
2026-04-15 15:20:03.120889,470,15,15,4
2026-04-14 22:11:03.120889,471,22,14,4
2026-04-15 04:09:03.120889,472,4,15,4
2026-04-15 07:49:03.120889,473,7,15,4
2026-04-15 02:46:03.120889,474,2,15,4
2026-04-15 16:11:03.120889,475,16,15,4
2026-04-15 09:41:03.120889,476,9,15,4
2026-04-15 05:23:03.120889,477,5,15,4
2026-04-15 05:24:03.120889,478,5,15,4
2026-04-15 03:23:03.120889,479,3,15,4
2026-04-15 01:16:03.120889,480,1,15,4
2026-04-14 21:08:03.120889,481,21,14,4
2026-04-15 14:39:03.120889,482,14,15,4
2026-04-15 15:47:03.120889,483,15,15,4
2026-04-15 08:54:03.120889,484,8,15,4
2026-04-14 21:33:03.120889,485,21,14,4
2026-04-15 02:44:03.120889,486,2,15,4
2026-04-15 01:10:03.120889,487,1,15,4
2026-04-15 12:08:03.120889,488,12,15,4
2026-04-15 00:45:03.120889,489,0,15,4
2026-04-15 02:12:03.120889,490,2,15,4
2026-04-14 20:20:03.120889,491,20,14,4
2026-04-15 11:38:03.120889,492,11,15,4
2026-04-15 05:09:03.120889,493,5,15,4
2026-04-15 12:24:03.120889,494,12,15,4
2026-04-15 03:26:03.120889,495,3,15,4
2026-04-14 22:24:03.120889,496,22,14,4
2026-04-15 13:45:03.120889,497,13,15,4
2026-04-14 20:25:03.120889,498,20,14,4
2026-04-15 15:44:03.120889,499,15,15,4
2026-04-15 18:44:03.120889,500,18,15,4
2026-04-15 04:28:03.120889,501,4,15,4
2026-04-15 13:17:03.120889,502,13,15,4
2026-04-14 23:39:03.120889,503,23,14,4
2026-04-15 17:59:03.120889,504,17,15,4
2026-04-15 17:38:03.120889,505,17,15,4
2026-04-15 11:21:03.120889,506,11,15,4
2026-04-14 21:49:03.120889,507,21,14,4
2026-04-15 05:04:03.120889,508,5,15,4
2026-04-15 08:23:03.120889,509,8,15,4
2026-04-15 11:19:03.120889,510,11,15,4
2026-04-15 16:47:03.120889,511,16,15,4
2026-04-15 19:26:03.120889,512,19,15,4
2026-04-15 09:06:03.120889,513,9,15,4
2026-04-15 19:34:03.120889,514,19,15,4
2026-04-14 20:00:03.120889,515,20,14,4
2026-04-14 23:51:03.120889,516,23,14,4
2026-04-15 01:25:03.120889,517,1,15,4
2026-04-15 07:15:03.120889,518,7,15,4
2026-04-15 16:03:03.120889,519,16,15,4
2026-04-15 08:47:03.120889,520,8,15,4
2026-04-15 10:09:03.120889,521,10,15,4
2026-04-15 16:43:03.120889,522,16,15,4
2026-04-15 05:32:03.120889,523,5,15,4
2026-04-15 05:28:03.120889,524,5,15,4
2026-04-15 12:01:03.120889,525,12,15,4
2026-04-15 15:50:03.120889,526,15,15,4
2026-04-15 10:35:03.120889,527,10,15,4
2026-04-15 19:25:03.120889,528,19,15,4
2026-04-15 14:57:03.120889,529,14,15,4
2026-04-15 15:45:03.120889,530,15,15,4
2026-04-15 15:15:03.120889,531,15,15,4
2026-04-15 19:22:03.120889,532,19,15,4
2026-04-14 21:26:03.120889,533,21,14,4
2026-04-14 19:54:03.120889,534,19,14,4
2026-04-15 19:36:03.120889,535,19,15,4
2026-04-15 15:52:03.120889,536,15,15,4
2026-04-15 06:13:03.120889,537,6,15,4
2026-04-15 07:35:03.120889,538,7,15,4
2026-04-15 11:04:03.120889,539,11,15,4
2026-04-15 03:03:03.120889,540,3,15,4
2026-04-15 08:36:03.120889,541,8,15,4
2026-04-15 11:28:03.120889,542,11,15,4
2026-04-15 00:06:03.120889,543,0,15,4
2026-04-15 00:14:03.120889,544,0,15,4
2026-04-15 03:53:03.120889,545,3,15,4
2026-04-15 09:09:03.120889,546,9,15,4
2026-04-15 14:36:03.120889,547,14,15,4
2026-04-15 04:27:03.120889,548,4,15,4
2026-04-15 06:20:03.120889,549,6,15,4
2026-04-15 09:17:03.120889,550,9,15,4
2026-04-14 21:43:03.120889,551,21,14,4
2026-04-15 16:10:03.120889,552,16,15,4
2026-04-15 09:34:03.120889,553,9,15,4
2026-04-15 03:56:03.120889,554,3,15,4
2026-04-15 13:08:03.120889,555,13,15,4
2026-04-14 22:18:03.120889,556,22,14,4
2026-04-15 17:41:03.120889,557,17,15,4
2026-04-15 13:42:03.120889,558,13,15,4
2026-04-15 16:29:03.120889,559,16,15,4
2026-04-15 11:17:03.120889,560,11,15,4
2026-04-15 12:36:03.120889,561,12,15,4
2026-04-15 05:02:03.120889,562,5,15,4
2026-04-15 14:17:03.120889,563,14,15,4
2026-04-15 13:27:03.120889,564,13,15,4
2026-04-15 08:29:03.120889,565,8,15,4
2026-04-15 00:53:03.120889,566,0,15,4
2026-04-15 11:51:03.120889,567,11,15,4
2026-04-15 15:06:03.120889,568,15,15,4
2026-04-15 07:08:03.120889,569,7,15,4
2026-04-15 06:48:03.120889,570,6,15,4
2026-04-14 20:12:03.120889,571,20,14,4
2026-04-15 16:16:03.120889,572,16,15,4
2026-04-14 23:47:03.120889,573,23,14,4
2026-04-14 23:25:03.120889,574,23,14,4
2026-04-15 15:10:03.120889,575,15,15,4
2026-04-14 23:37:03.120889,576,23,14,4
2026-04-15 13:13:03.120889,577,13,15,4
2026-04-15 03:16:03.120889,578,3,15,4
2026-04-15 02:32:03.120889,579,2,15,4
2026-04-15 14:45:03.120889,580,14,15,4
2026-04-15 10:28:03.120889,581,10,15,4
2026-04-14 21:45:03.120889,582,21,14,4
2026-04-15 18:02:03.120889,583,18,15,4
2026-04-14 20:36:03.120889,584,20,14,4
2026-04-15 05:45:03.120889,585,5,15,4
2026-04-15 02:45:03.120889,586,2,15,4
2026-04-15 11:46:03.120889,587,11,15,4
2026-04-15 16:55:03.120889,588,16,15,4
2026-04-15 13:12:03.120889,589,13,15,4
2026-04-15 12:35:03.120889,590,12,15,4
2026-04-14 22:32:03.120889,591,22,14,4
2026-04-15 11:55:03.120889,592,11,15,4
2026-04-15 03:50:03.120889,593,3,15,4
2026-04-15 13:24:03.120889,594,13,15,4
2026-04-14 20:14:03.120889,595,20,14,4
2026-04-15 03:13:03.120889,596,3,15,4
2026-04-15 17:39:03.120889,597,17,15,4
2026-04-15 17:15:03.120889,598,17,15,4
2026-04-15 17:18:03.120889,599,17,15,4
2026-04-15 10:29:03.120889,600,10,15,4
2026-04-15 11:27:03.120889,601,11,15,4
2026-04-15 12:34:03.120889,602,12,15,4
2026-04-14 21:37:03.120889,603,21,14,4
2026-04-14 23:19:03.120889,604,23,14,4
2026-04-15 12:53:03.120889,605,12,15,4
2026-04-15 06:56:03.120889,606,6,15,4
2026-04-14 20:16:03.120889,607,20,14,4
2026-04-15 10:53:03.120889,608,10,15,4
2026-04-15 13:41:03.120889,609,13,15,4
2026-04-15 18:05:03.120889,610,18,15,4
2026-04-15 15:58:03.120889,611,15,15,4
2026-04-14 23:54:03.120889,612,23,14,4
2026-04-15 19:30:03.120889,613,19,15,4
2026-04-15 17:49:03.120889,614,17,15,4
2026-04-15 11:05:03.120889,615,11,15,4
2026-04-14 22:13:03.120889,616,22,14,4
2026-04-15 08:28:03.120889,617,8,15,4
2026-04-15 08:22:03.120889,618,8,15,4
2026-04-15 10:04:03.120889,619,10,15,4
2026-04-15 16:42:03.120889,620,16,15,4
2026-04-15 03:34:03.120889,621,3,15,4
2026-04-15 05:17:03.120889,622,5,15,4
2026-04-15 05:46:03.120889,623,5,15,4
2026-04-15 00:41:03.120889,624,0,15,4
2026-04-15 04:06:03.120889,625,4,15,4
2026-04-14 20:24:03.120889,626,20,14,4
2026-04-15 13:09:03.120889,627,13,15,4
2026-04-14 20:37:03.120889,628,20,14,4
2026-04-15 14:53:03.120889,629,14,15,4
2026-04-15 18:30:03.120889,630,18,15,4
2026-04-15 07:23:03.120889,631,7,15,4
2026-04-15 06:12:03.120889,632,6,15,4
2026-04-15 10:25:03.120889,633,10,15,4
2026-04-15 17:07:03.120889,634,17,15,4
2026-04-14 20:18:03.120889,635,20,14,4
2026-04-15 01:34:03.120889,636,1,15,4
2026-04-15 17:47:03.120889,637,17,15,4
2026-04-15 14:12:03.120889,638,14,15,4
2026-04-14 20:56:03.120889,639,20,14,4
2026-04-15 14:41:03.120889,640,14,15,4
2026-04-15 10:20:03.120889,641,10,15,4
2026-04-15 07:30:03.120889,642,7,15,4
2026-04-15 00:00:03.120889,643,0,15,4
2026-04-15 01:38:03.120889,644,1,15,4
2026-04-15 04:51:03.120889,645,4,15,4
2026-04-15 18:39:03.120889,646,18,15,4
2026-04-15 09:37:03.120889,647,9,15,4
2026-04-14 20:04:03.120889,648,20,14,4
2026-04-14 19:42:03.120889,649,19,14,4
2026-04-15 13:31:03.120889,650,13,15,4
2026-04-15 09:12:03.120889,651,9,15,4
2026-04-15 17:44:03.120889,652,17,15,4
2026-04-15 00:43:03.120889,653,0,15,4
2026-04-15 00:42:03.120889,654,0,15,4
2026-04-15 14:35:03.120889,655,14,15,4
2026-04-14 23:49:03.120889,656,23,14,4
2026-04-15 19:28:03.120889,657,19,15,4
2026-04-15 07:10:03.120889,658,7,15,4
2026-04-15 13:43:03.120889,659,13,15,4
2026-04-15 17:57:03.120889,660,17,15,4
2026-04-15 07:51:03.120889,661,7,15,4
2026-04-15 12:30:03.120889,662,12,15,4
2026-04-15 11:56:03.120889,663,11,15,4
2026-04-15 07:02:03.120889,664,7,15,4
2026-04-15 13:33:03.120889,665,13,15,4
2026-04-15 17:43:03.120889,666,17,15,4
2026-04-15 03:39:03.120889,667,3,15,4
2026-04-15 19:05:03.120889,668,19,15,4
2026-04-14 20:34:03.120889,669,20,14,4
2026-04-14 21:13:03.120889,670,21,14,4
2026-04-15 12:21:03.120889,671,12,15,4
2026-04-15 17:27:03.120889,672,17,15,4
2026-04-15 13:37:03.120889,673,13,15,4
2026-04-14 22:37:03.120889,674,22,14,4
2026-04-15 07:52:03.120889,675,7,15,4
2026-04-15 06:11:03.120889,676,6,15,4
2026-04-15 06:22:03.120889,677,6,15,4
2026-04-14 23:02:03.120889,678,23,14,4
2026-04-15 00:13:03.120889,679,0,15,4
2026-04-14 20:32:03.120889,680,20,14,4
2026-04-15 12:09:03.120889,681,12,15,4
2026-04-15 03:19:03.120889,682,3,15,4
2026-04-15 05:07:03.120889,683,5,15,4
2026-04-15 13:48:03.120889,684,13,15,4
2026-04-15 16:44:03.120889,685,16,15,4
2026-04-15 19:38:03.120889,686,19,15,4
2026-04-15 09:01:03.120889,687,9,15,4
2026-04-14 21:01:03.120889,688,21,14,4
2026-04-15 18:27:03.120889,689,18,15,4
2026-04-14 20:08:03.120889,690,20,14,4
2026-04-15 07:41:03.120889,691,7,15,4
2026-04-15 00:03:03.120889,692,0,15,4
2026-04-15 19:24:03.120889,693,19,15,4
2026-04-14 19:43:03.120889,694,19,14,4
2026-04-15 02:20:03.120889,695,2,15,4
2026-04-15 03:07:03.120889,696,3,15,4
2026-04-15 12:45:03.120889,697,12,15,4
2026-04-15 03:44:03.120889,698,3,15,4
2026-04-15 16:01:03.120889,699,16,15,4
2026-04-15 11:50:03.120889,700,11,15,4
2026-04-15 19:12:03.120889,701,19,15,4
2026-04-15 18:40:03.120889,702,18,15,4
2026-04-14 20:27:03.120889,703,20,14,4
2026-04-15 04:10:03.120889,704,4,15,4
2026-04-15 01:05:03.120889,705,1,15,4
2026-04-15 07:19:03.120889,706,7,15,4
2026-04-15 06:14:03.120889,707,6,15,4
2026-04-14 23:12:03.120889,708,23,14,4
2026-04-15 13:22:03.120889,709,13,15,4
2026-04-15 02:03:03.120889,710,2,15,4
2026-04-15 11:31:03.120889,711,11,15,4
2026-04-15 16:52:03.120889,712,16,15,4
2026-04-15 12:23:03.120889,713,12,15,4
2026-04-14 22:40:03.120889,714,22,14,4
2026-04-14 23:17:03.120889,715,23,14,4
2026-04-15 18:09:03.120889,716,18,15,4
2026-04-15 06:21:03.120889,717,6,15,4
2026-04-15 01:51:03.120889,718,1,15,4
2026-04-15 06:35:03.120889,719,6,15,4
2026-04-15 14:28:03.120889,720,14,15,4
2026-04-15 00:11:03.120889,721,0,15,4
2026-04-14 23:01:03.120889,722,23,14,4
2026-04-15 08:26:03.120889,723,8,15,4
2026-04-14 19:56:03.120889,724,19,14,4
2026-04-15 15:54:03.120889,725,15,15,4
2026-04-15 16:22:03.120889,726,16,15,4
2026-04-14 20:50:03.120889,727,20,14,4
2026-04-15 00:32:03.120889,728,0,15,4
2026-04-15 16:12:03.120889,729,16,15,4
2026-04-15 14:38:03.120889,730,14,15,4
2026-04-14 22:23:03.120889,731,22,14,4
2026-04-15 07:25:03.120889,732,7,15,4
2026-04-14 19:55:03.120889,733,19,14,4
2026-04-15 03:02:03.120889,734,3,15,4
2026-04-15 15:53:03.120889,735,15,15,4
2026-04-15 08:12:03.120889,736,8,15,4
2026-04-15 16:37:03.120889,737,16,15,4
2026-04-15 18:07:03.120889,738,18,15,4
2026-04-15 15:28:03.120889,739,15,15,4
2026-04-15 16:00:03.120889,740,16,15,4
2026-04-15 05:40:03.120889,741,5,15,4
2026-04-15 05:53:03.120889,742,5,15,4
2026-04-15 13:51:03.120889,743,13,15,4
2026-04-15 14:20:03.120889,744,14,15,4
2026-04-15 06:06:03.120889,745,6,15,4
2026-04-15 11:26:03.120889,746,11,15,4
2026-04-15 06:53:03.120889,747,6,15,4
2026-04-15 03:37:03.120889,748,3,15,4
2026-04-15 13:18:03.120889,749,13,15,4
2026-04-15 14:49:03.120889,750,14,15,4
2026-04-15 06:33:03.120889,751,6,15,4
2026-04-15 17:54:03.120889,752,17,15,4
2026-04-15 12:50:03.120889,753,12,15,4
2026-04-15 14:14:03.120889,754,14,15,4
2026-04-15 07:27:03.120889,755,7,15,4
2026-04-15 13:10:03.120889,756,13,15,4
2026-04-15 10:42:03.120889,757,10,15,4
2026-04-15 04:54:03.120889,758,4,15,4
2026-04-14 22:47:03.120889,759,22,14,4
2026-04-15 09:21:03.120889,760,9,15,4
2026-04-15 00:30:03.120889,761,0,15,4
2026-04-15 19:20:03.120889,762,19,15,4
2026-04-15 02:28:03.120889,763,2,15,4
2026-04-15 19:10:03.120889,764,19,15,4
2026-04-15 08:31:03.120889,765,8,15,4
2026-04-15 02:33:03.120889,766,2,15,4
2026-04-14 21:14:03.120889,767,21,14,4
2026-04-15 18:41:03.120889,768,18,15,4
2026-04-14 22:20:03.120889,769,22,14,4
2026-04-15 12:16:03.120889,770,12,15,4
2026-04-14 22:59:03.120889,771,22,14,4
2026-04-15 13:01:03.120889,772,13,15,4
2026-04-15 12:43:03.120889,773,12,15,4
2026-04-15 04:45:03.120889,774,4,15,4
2026-04-15 03:40:03.120889,775,3,15,4
2026-04-15 14:01:03.120889,776,14,15,4
2026-04-15 05:49:03.120889,777,5,15,4
2026-04-15 09:57:03.120889,778,9,15,4
2026-04-15 16:46:03.120889,779,16,15,4
2026-04-14 23:59:03.120889,780,23,14,4
2026-04-14 23:43:03.120889,781,23,14,4
2026-04-15 17:22:03.120889,782,17,15,4
2026-04-15 08:51:03.120889,783,8,15,4
2026-04-14 21:18:03.120889,784,21,14,4
2026-04-15 13:40:03.120889,785,13,15,4
2026-04-15 03:51:03.120889,786,3,15,4
2026-04-15 04:58:03.120889,787,4,15,4
2026-04-15 09:16:03.120889,788,9,15,4
2026-04-15 05:10:03.120889,789,5,15,4
2026-04-15 04:25:03.120889,790,4,15,4
2026-04-15 15:25:03.120889,791,15,15,4
2026-04-14 23:56:03.120889,792,23,14,4
2026-04-15 01:49:03.120889,793,1,15,4
2026-04-15 09:05:03.120889,794,9,15,4
2026-04-15 14:27:03.120889,795,14,15,4
2026-04-15 14:25:03.120889,796,14,15,4
2026-04-14 22:31:03.120889,797,22,14,4
2026-04-15 04:32:03.120889,798,4,15,4
2026-04-15 14:02:03.120889,799,14,15,4
2026-04-14 20:17:03.120889,800,20,14,4
2026-04-15 05:31:03.120889,801,5,15,4
2026-04-14 20:58:03.120889,802,20,14,4
2026-04-15 19:13:03.120889,803,19,15,4
2026-04-15 01:14:03.120889,804,1,15,4
2026-04-15 09:28:03.120889,805,9,15,4
2026-04-15 06:49:03.120889,806,6,15,4
2026-04-14 22:14:03.120889,807,22,14,4
2026-04-15 17:17:03.120889,808,17,15,4
2026-04-15 09:50:03.120889,809,9,15,4
2026-04-15 06:36:03.120889,810,6,15,4
2026-04-14 21:17:03.120889,811,21,14,4
2026-04-14 23:18:03.120889,812,23,14,4
2026-04-14 23:09:03.120889,813,23,14,4
2026-04-15 01:54:03.120889,814,1,15,4
2026-04-15 10:10:03.120889,815,10,15,4
2026-04-15 00:35:03.120889,816,0,15,4
2026-04-15 16:54:03.120889,817,16,15,4
2026-04-15 05:15:03.120889,818,5,15,4
2026-04-15 18:01:03.120889,819,18,15,4
2026-04-15 11:24:03.120889,820,11,15,4
2026-04-15 01:55:03.120889,821,1,15,4
2026-04-15 06:34:03.120889,822,6,15,4
2026-04-15 08:06:03.120889,823,8,15,4
2026-04-14 21:59:03.120889,824,21,14,4
2026-04-15 19:41:03.120889,825,19,15,4
2026-04-15 08:17:03.120889,826,8,15,4
2026-04-14 21:54:03.120889,827,21,14,4
2026-04-15 12:55:03.120889,828,12,15,4
2026-04-15 08:58:03.120889,829,8,15,4
2026-04-15 16:26:03.120889,830,16,15,4
2026-04-15 00:51:03.120889,831,0,15,4
2026-04-15 04:23:03.120889,832,4,15,4
2026-04-15 08:18:03.120889,833,8,15,4
2026-04-15 11:58:03.120889,834,11,15,4
2026-04-14 19:49:03.120889,835,19,14,4
2026-04-15 13:02:03.120889,836,13,15,4
2026-04-15 03:32:03.120889,837,3,15,4
2026-04-15 10:17:03.120889,838,10,15,4
2026-04-15 17:26:03.120889,839,17,15,4
2026-04-15 01:40:03.120889,840,1,15,4
2026-04-15 03:47:03.120889,841,3,15,4
2026-04-15 07:13:03.120889,842,7,15,4
2026-04-15 12:12:03.120889,843,12,15,4
2026-04-15 08:41:03.120889,844,8,15,4
2026-04-15 08:05:03.120889,845,8,15,4
2026-04-15 07:12:03.120889,846,7,15,4
2026-04-15 14:19:03.120889,847,14,15,4
2026-04-15 05:52:03.120889,848,5,15,4
2026-04-15 17:58:03.120889,849,17,15,4
2026-04-15 13:16:03.120889,850,13,15,4
2026-04-15 17:46:03.120889,851,17,15,4
2026-04-15 08:59:03.120889,852,8,15,4
2026-04-15 13:21:03.120889,853,13,15,4
2026-04-15 05:42:03.120889,854,5,15,4
2026-04-15 00:09:03.120889,855,0,15,4
2026-04-15 05:33:03.120889,856,5,15,4
2026-04-15 00:57:03.120889,857,0,15,4
2026-04-15 01:00:03.120889,858,1,15,4
2026-04-15 09:49:03.120889,859,9,15,4
2026-04-14 22:26:03.120889,860,22,14,4
2026-04-15 19:27:03.120889,861,19,15,4
2026-04-15 15:42:03.120889,862,15,15,4
2026-04-15 19:15:03.120889,863,19,15,4
2026-04-15 14:42:03.120889,864,14,15,4
2026-04-15 03:18:03.120889,865,3,15,4
2026-04-15 19:11:03.120889,866,19,15,4
2026-04-14 19:44:03.120889,867,19,14,4
2026-04-15 10:51:03.120889,868,10,15,4
2026-04-15 09:20:03.120889,869,9,15,4
2026-04-15 07:55:03.120889,870,7,15,4
2026-04-14 23:08:03.120889,871,23,14,4
2026-04-15 16:13:03.120889,872,16,15,4
2026-04-15 12:40:03.120889,873,12,15,4
2026-04-15 02:04:03.120889,874,2,15,4
2026-04-15 11:47:03.120889,875,11,15,4
2026-04-15 10:59:03.120889,876,10,15,4
2026-04-14 20:11:03.120889,877,20,14,4
2026-04-14 20:55:03.120889,878,20,14,4
2026-04-15 18:00:03.120889,879,18,15,4
2026-04-15 02:00:03.120889,880,2,15,4
2026-04-15 10:01:03.120889,881,10,15,4
2026-04-15 14:18:03.120889,882,14,15,4
2026-04-15 05:00:03.120889,883,5,15,4
2026-04-15 06:24:03.120889,884,6,15,4
2026-04-15 13:03:03.120889,885,13,15,4
2026-04-15 09:31:03.120889,886,9,15,4
2026-04-15 02:02:03.120889,887,2,15,4
2026-04-14 22:06:03.120889,888,22,14,4
2026-04-15 18:46:03.120889,889,18,15,4
2026-04-15 06:40:03.120889,890,6,15,4
2026-04-15 18:11:03.120889,891,18,15,4
2026-04-14 23:23:03.120889,892,23,14,4
2026-04-14 22:16:03.120889,893,22,14,4
2026-04-14 23:38:03.120889,894,23,14,4
2026-04-15 04:17:03.120889,895,4,15,4
2026-04-15 12:57:03.120889,896,12,15,4
2026-04-15 08:03:03.120889,897,8,15,4
2026-04-14 22:36:03.120889,898,22,14,4
2026-04-15 10:50:03.120889,899,10,15,4
2026-04-15 15:21:03.120889,900,15,15,4
2026-04-15 09:38:03.120889,901,9,15,4
2026-04-15 04:56:03.120889,902,4,15,4
2026-04-15 04:49:03.120889,903,4,15,4
2026-04-15 18:54:03.120889,904,18,15,4
2026-04-15 01:11:03.120889,905,1,15,4
2026-04-15 01:48:03.120889,906,1,15,4
2026-04-15 16:07:03.120889,907,16,15,4
2026-04-15 03:01:03.120889,908,3,15,4
2026-04-15 14:15:03.120889,909,14,15,4
2026-04-15 04:33:03.120889,910,4,15,4
2026-04-15 08:04:03.120889,911,8,15,4
2026-04-15 11:06:03.120889,912,11,15,4
2026-04-14 22:04:03.120889,913,22,14,4
2026-04-15 11:42:03.120889,914,11,15,4
2026-04-15 18:48:03.120889,915,18,15,4
2026-04-15 01:52:03.120889,916,1,15,4
2026-04-14 20:51:03.120889,917,20,14,4
2026-04-15 09:15:03.120889,918,9,15,4
2026-04-14 23:20:03.120889,919,23,14,4
2026-04-15 17:34:03.120889,920,17,15,4
2026-04-15 09:33:03.120889,921,9,15,4
2026-04-14 23:46:03.120889,922,23,14,4
2026-04-15 13:26:03.120889,923,13,15,4
2026-04-14 23:41:03.120889,924,23,14,4
2026-04-15 19:18:03.120889,925,19,15,4
2026-04-14 22:54:03.120889,926,22,14,4
2026-04-15 10:43:03.120889,927,10,15,4
2026-04-15 11:37:03.120889,928,11,15,4
2026-04-15 08:43:03.120889,929,8,15,4
2026-04-15 06:17:03.120889,930,6,15,4
2026-04-14 21:20:03.120889,931,21,14,4
2026-04-15 04:41:03.120889,932,4,15,4
2026-04-15 00:07:03.120889,933,0,15,4
2026-04-15 12:52:03.120889,934,12,15,4
2026-04-14 22:38:03.120889,935,22,14,4
2026-04-15 17:29:03.120889,936,17,15,4
2026-04-15 14:06:03.120889,937,14,15,4
2026-04-14 23:26:03.120889,938,23,14,4
2026-04-15 05:26:03.120889,939,5,15,4
2026-04-15 02:10:03.120889,940,2,15,4
2026-04-15 13:06:03.120889,941,13,15,4
2026-04-15 07:42:03.120889,942,7,15,4
2026-04-14 23:33:03.120889,943,23,14,4
2026-04-15 05:19:03.120889,944,5,15,4
2026-04-14 20:21:03.120889,945,20,14,4
2026-04-14 21:35:03.120889,946,21,14,4
2026-04-15 02:47:03.120889,947,2,15,4
2026-04-15 00:24:03.120889,948,0,15,4
2026-04-15 11:36:03.120889,949,11,15,4
2026-04-15 05:18:03.120889,950,5,15,4
2026-04-15 14:32:03.120889,951,14,15,4
2026-04-15 08:45:03.120889,952,8,15,4
2026-04-15 19:40:03.120889,953,19,15,4
2026-04-15 12:00:03.120889,954,12,15,4
2026-04-15 18:52:03.120889,955,18,15,4
2026-04-15 00:48:03.120889,956,0,15,4
2026-04-15 09:59:03.120889,957,9,15,4
2026-04-14 22:43:03.120889,958,22,14,4
2026-04-15 08:15:03.120889,959,8,15,4
2026-04-14 23:36:03.120889,960,23,14,4
2026-04-15 11:01:03.120889,961,11,15,4
2026-04-15 04:22:03.120889,962,4,15,4
2026-04-15 13:04:03.120889,963,13,15,4
2026-04-15 12:51:03.120889,964,12,15,4
2026-04-15 19:19:03.120889,965,19,15,4
2026-04-15 15:40:03.120889,966,15,15,4
2026-04-15 08:11:03.120889,967,8,15,4
2026-04-15 16:58:03.120889,968,16,15,4
2026-04-15 12:39:03.120889,969,12,15,4
2026-04-15 08:50:03.120889,970,8,15,4
2026-04-15 14:44:03.120889,971,14,15,4
2026-04-15 05:48:03.120889,972,5,15,4
2026-04-15 14:22:03.120889,973,14,15,4
2026-04-15 17:28:03.120889,974,17,15,4
2026-04-14 21:56:03.120889,975,21,14,4
2026-04-15 05:29:03.120889,976,5,15,4
2026-04-15 07:34:03.120889,977,7,15,4
2026-04-14 23:31:03.120889,978,23,14,4
2026-04-15 17:36:03.120889,979,17,15,4
2026-04-14 21:29:03.120889,980,21,14,4
2026-04-15 03:35:03.120889,981,3,15,4
2026-04-15 12:25:03.120889,982,12,15,4
2026-04-14 20:15:03.120889,983,20,14,4
2026-04-15 09:27:03.120889,984,9,15,4
2026-04-15 13:54:03.120889,985,13,15,4
2026-04-15 10:39:03.120889,986,10,15,4
2026-04-15 05:38:03.120889,987,5,15,4
2026-04-15 17:53:03.120889,988,17,15,4
2026-04-15 05:05:03.120889,989,5,15,4
2026-04-15 02:27:03.120889,990,2,15,4
2026-04-15 13:11:03.120889,991,13,15,4
2026-04-15 19:00:03.120889,992,19,15,4
2026-04-15 12:11:03.120889,993,12,15,4
2026-04-15 08:49:03.120889,994,8,15,4
2026-04-14 22:03:03.120889,995,22,14,4
2026-04-15 02:11:03.120889,996,2,15,4
2026-04-14 21:46:03.120889,997,21,14,4
2026-04-14 20:10:03.120889,998,20,14,4
2026-04-15 11:33:03.120889,999,11,15,4
2026-04-14 21:32:03.120889,1000,21,14,4
2026-04-15 00:29:03.120889,1001,0,15,4
2026-04-15 02:19:03.120889,1002,2,15,4
2026-04-15 02:48:03.120889,1003,2,15,4
2026-04-15 03:14:03.120889,1004,3,15,4
2026-04-15 09:46:03.120889,1005,9,15,4
2026-04-15 06:45:03.120889,1006,6,15,4
2026-04-15 08:32:03.120889,1007,8,15,4
2026-04-15 04:42:03.120889,1008,4,15,4
2026-04-15 07:18:03.120889,1009,7,15,4
2026-04-15 18:57:03.120889,1010,18,15,4
2026-04-14 23:04:03.120889,1011,23,14,4
2026-04-14 21:58:03.120889,1012,21,14,4
2026-04-14 22:35:03.120889,1013,22,14,4
2026-04-15 15:14:03.120889,1014,15,15,4
2026-04-15 13:00:03.120889,1015,13,15,4
2026-04-15 08:20:03.120889,1016,8,15,4
2026-04-15 06:44:03.120889,1017,6,15,4
2026-04-15 00:19:03.120889,1018,0,15,4
2026-04-15 06:59:03.120889,1019,6,15,4
2026-04-15 17:21:03.120889,1020,17,15,4
2026-04-15 16:08:03.120889,1021,16,15,4
2026-04-14 23:42:03.120889,1022,23,14,4
2026-04-15 10:40:03.120889,1023,10,15,4
2026-04-15 00:22:03.120889,1024,0,15,4
2026-04-14 19:53:03.120889,1025,19,14,4
2026-04-15 14:00:03.120889,1026,14,15,4
2026-04-14 23:57:03.120889,1027,23,14,4
2026-04-15 11:09:03.120889,1028,11,15,4
2026-04-15 06:37:03.120889,1029,6,15,4
2026-04-15 04:21:03.120889,1030,4,15,4
2026-04-15 04:19:03.120889,1031,4,15,4
2026-04-15 16:05:03.120889,1032,16,15,4
2026-04-15 10:00:03.120889,1033,10,15,4
2026-04-14 20:23:03.120889,1034,20,14,4
2026-04-15 09:11:03.120889,1035,9,15,4
2026-04-15 01:31:03.120889,1036,1,15,4
2026-04-15 19:21:03.120889,1037,19,15,4
2026-04-15 01:41:03.120889,1038,1,15,4
2026-04-15 17:52:03.120889,1039,17,15,4
2026-04-15 10:26:03.120889,1040,10,15,4
2026-04-15 10:57:03.120889,1041,10,15,4
2026-04-15 10:38:03.120889,1042,10,15,4
2026-04-15 04:14:03.120889,1043,4,15,4
2026-04-15 15:32:03.120889,1044,15,15,4
2026-04-15 11:07:03.120889,1045,11,15,4
2026-04-14 23:27:03.120889,1046,23,14,4
2026-04-14 23:10:03.120889,1047,23,14,4
2026-04-15 12:05:03.120889,1048,12,15,4
2026-04-15 09:42:03.120889,1049,9,15,4
2026-04-15 04:30:03.120889,1050,4,15,4
2026-04-15 10:54:03.120889,1051,10,15,4
2026-04-15 16:38:03.120889,1052,16,15,4
2026-04-14 20:40:03.120889,1053,20,14,4
2026-04-14 21:28:03.120889,1054,21,14,4
2026-04-15 11:00:03.120889,1055,11,15,4
2026-04-15 00:49:03.120889,1056,0,15,4
2026-04-15 05:37:03.120889,1057,5,15,4
2026-04-15 07:26:03.120889,1058,7,15,4
2026-04-15 10:30:03.120889,1059,10,15,4
2026-04-14 21:02:03.120889,1060,21,14,4
2026-04-15 17:23:03.120889,1061,17,15,4
2026-04-15 07:48:03.120889,1062,7,15,4
2026-04-15 15:03:03.120889,1063,15,15,4
2026-04-15 00:54:03.120889,1064,0,15,4
2026-04-14 23:48:03.120889,1065,23,14,4
2026-04-15 14:43:03.120889,1066,14,15,4
2026-04-15 04:36:03.120889,1067,4,15,4
2026-04-15 00:50:03.120889,1068,0,15,4
2026-04-15 05:30:03.120889,1069,5,15,4
2026-04-15 02:43:03.120889,1070,2,15,4
2026-04-15 11:15:03.120889,1071,11,15,4
2026-04-14 23:44:03.120889,1072,23,14,4
2026-04-15 16:24:03.120889,1073,16,15,4
2026-04-15 17:45:03.120889,1074,17,15,4
2026-04-15 04:18:03.120889,1075,4,15,4
2026-04-15 07:57:03.120889,1076,7,15,4
2026-04-15 11:13:03.120889,1077,11,15,4
2026-04-15 02:55:03.120889,1078,2,15,4
2026-04-14 20:22:03.120889,1079,20,14,4
2026-04-15 09:14:03.120889,1080,9,15,4
2026-04-15 17:48:03.120889,1081,17,15,4
2026-04-15 12:13:03.120889,1082,12,15,4
2026-04-14 20:59:03.120889,1083,20,14,4
2026-04-15 18:17:03.120889,1084,18,15,4
2026-04-15 00:31:03.120889,1085,0,15,4
2026-04-15 00:25:03.120889,1086,0,15,4
2026-04-14 20:30:03.120889,1087,20,14,4
2026-04-14 21:09:03.120889,1088,21,14,4
2026-04-15 11:54:03.120889,1089,11,15,4
2026-04-15 01:21:03.120889,1090,1,15,4
2026-04-15 07:04:03.120889,1091,7,15,4
2026-04-15 05:20:03.120889,1092,5,15,4
2026-04-15 08:14:03.120889,1093,8,15,4
2026-04-15 01:42:03.120889,1094,1,15,4
2026-04-14 21:53:03.120889,1095,21,14,4
2026-04-15 17:25:03.120889,1096,17,15,4
2026-04-15 07:14:03.120889,1097,7,15,4
2026-04-15 04:20:03.120889,1098,4,15,4
2026-04-15 17:12:03.120889,1099,17,15,4
2026-04-15 04:39:03.120889,1100,4,15,4
2026-04-15 03:10:03.120889,1101,3,15,4
2026-04-15 18:10:03.120889,1102,18,15,4
2026-04-15 01:58:03.120889,1103,1,15,4
2026-04-15 04:26:03.120889,1104,4,15,4
2026-04-15 08:39:03.120889,1105,8,15,4
2026-04-15 10:03:03.120889,1106,10,15,4
2026-04-15 14:55:03.120889,1107,14,15,4
2026-04-14 22:08:03.120889,1108,22,14,4
2026-04-15 16:20:03.120889,1109,16,15,4
2026-04-15 12:38:03.120889,1110,12,15,4
2026-04-15 02:56:03.120889,1111,2,15,4
2026-04-14 20:45:03.120889,1112,20,14,4
2026-04-15 11:12:03.120889,1113,11,15,4
2026-04-15 01:45:03.120889,1114,1,15,4
2026-04-14 22:15:03.120889,1115,22,14,4
2026-04-15 10:12:03.120889,1116,10,15,4
2026-04-15 09:43:03.120889,1117,9,15,4
2026-04-14 21:11:03.120889,1118,21,14,4
2026-04-15 12:46:03.120889,1119,12,15,4
2026-04-15 01:03:03.120889,1120,1,15,4
2026-04-14 21:38:03.120889,1121,21,14,4
2026-04-15 07:09:03.120889,1122,7,15,4
2026-04-15 01:36:03.120889,1123,1,15,4
2026-04-15 13:52:03.120889,1124,13,15,4
2026-04-14 22:51:03.120889,1125,22,14,4
2026-04-14 20:38:03.120889,1126,20,14,4
2026-04-15 08:07:03.120889,1127,8,15,4
2026-04-15 11:40:03.120889,1128,11,15,4
2026-04-15 05:08:03.120889,1129,5,15,4
2026-04-15 18:31:03.120889,1130,18,15,4
2026-04-15 13:44:03.120889,1131,13,15,4
2026-04-15 08:33:03.120889,1132,8,15,4
2026-04-15 18:21:03.120889,1133,18,15,4
2026-04-15 10:22:03.120889,1134,10,15,4
2026-04-15 08:30:03.120889,1135,8,15,4
2026-04-14 20:09:03.120889,1136,20,14,4
2026-04-15 04:02:03.120889,1137,4,15,4
2026-04-15 03:49:03.120889,1138,3,15,4
2026-04-15 03:58:03.120889,1139,3,15,4
2026-04-15 11:41:03.120889,1140,11,15,4
2026-04-15 06:01:03.120889,1141,6,15,4
2026-04-14 20:31:03.120889,1142,20,14,4
2026-04-15 15:30:03.120889,1143,15,15,4
2026-04-15 09:07:03.120889,1144,9,15,4
2026-04-15 03:04:03.120889,1145,3,15,4
2026-04-15 18:35:03.120889,1146,18,15,4
2026-04-15 02:18:03.120889,1147,2,15,4
2026-04-15 11:57:03.120889,1148,11,15,4
2026-04-15 10:18:03.120889,1149,10,15,4
2026-04-15 07:37:03.120889,1150,7,15,4
2026-04-15 02:51:03.120889,1151,2,15,4
2026-04-15 02:15:03.120889,1152,2,15,4
2026-04-15 11:23:03.120889,1153,11,15,4
2026-04-15 00:55:03.120889,1154,0,15,4
2026-04-15 06:43:03.120889,1155,6,15,4
2026-04-15 06:02:03.120889,1156,6,15,4
2026-04-15 19:16:03.120889,1157,19,15,4
2026-04-15 17:11:03.120889,1158,17,15,4
2026-04-15 08:35:03.120889,1159,8,15,4
2026-04-15 04:04:03.120889,1160,4,15,4
2026-04-15 02:23:03.120889,1161,2,15,4
2026-04-15 18:58:03.120889,1162,18,15,4
2026-04-15 03:25:03.120889,1163,3,15,4
2026-04-15 09:39:03.120889,1164,9,15,4
2026-04-15 07:21:03.120889,1165,7,15,4
2026-04-15 14:21:03.120889,1166,14,15,4
2026-04-15 06:50:03.120889,1167,6,15,4
2026-04-15 11:03:03.120889,1168,11,15,4
2026-04-15 11:08:03.120889,1169,11,15,4
2026-04-14 21:07:03.120889,1170,21,14,4
2026-04-15 18:47:03.120889,1171,18,15,4
2026-04-15 17:13:03.120889,1172,17,15,4
2026-04-15 01:12:03.120889,1173,1,15,4
2026-04-15 10:15:03.120889,1174,10,15,4
2026-04-15 01:50:03.120889,1175,1,15,4
2026-04-15 07:36:03.120889,1176,7,15,4
2026-04-15 05:11:03.120889,1177,5,15,4
2026-04-15 08:09:03.120889,1178,8,15,4
2026-04-15 18:37:03.120889,1179,18,15,4
2026-04-15 10:55:03.120889,1180,10,15,4
2026-04-15 06:28:03.120889,1181,6,15,4
2026-04-15 08:52:03.120889,1182,8,15,4
2026-04-15 19:39:03.120889,1183,19,15,4
2026-04-15 05:06:03.120889,1184,5,15,4
2026-04-15 04:40:03.120889,1185,4,15,4
2026-04-15 00:52:03.120889,1186,0,15,4
2026-04-15 15:05:03.120889,1187,15,15,4
2026-04-15 12:32:03.120889,1188,12,15,4
2026-04-15 17:05:03.120889,1189,17,15,4
2026-04-15 19:31:03.120889,1190,19,15,4
2026-04-14 23:32:03.120889,1191,23,14,4
2026-04-15 16:51:03.120889,1192,16,15,4
2026-04-14 22:17:03.120889,1193,22,14,4
2026-04-15 01:07:03.120889,1194,1,15,4
2026-04-15 01:15:03.120889,1195,1,15,4
2026-04-15 00:37:03.120889,1196,0,15,4
2026-04-15 12:19:03.120889,1197,12,15,4
2026-04-14 22:39:03.120889,1198,22,14,4
2026-04-15 18:50:03.120889,1199,18,15,4
2026-04-15 06:19:03.120889,1200,6,15,4
2026-04-15 13:32:03.120889,1201,13,15,4
2026-04-15 14:37:03.120889,1202,14,15,4
2026-04-15 00:28:03.120889,1203,0,15,4
2026-04-14 22:10:03.120889,1204,22,14,4
2026-04-14 21:15:03.120889,1205,21,14,4
2026-04-15 11:10:03.120889,1206,11,15,4
2026-04-15 00:46:03.120889,1207,0,15,4
2026-04-15 16:21:03.120889,1208,16,15,4
2026-04-15 03:33:03.120889,1209,3,15,4
2026-04-15 09:25:03.120889,1210,9,15,4
2026-04-15 06:58:03.120889,1211,6,15,4
2026-04-15 05:22:03.120889,1212,5,15,4
2026-04-15 08:08:03.120889,1213,8,15,4
2026-04-15 03:09:03.120889,1214,3,15,4
2026-04-15 02:16:03.120889,1215,2,15,4
2026-04-14 23:16:03.120889,1216,23,14,4
2026-04-15 12:20:03.120889,1217,12,15,4
2026-04-14 23:21:03.120889,1218,23,14,4
2026-04-15 19:23:03.120889,1219,19,15,4
2026-04-14 23:34:03.120889,1220,23,14,4
2026-04-15 17:16:03.120889,1221,17,15,4
2026-04-15 08:34:03.120889,1222,8,15,4
2026-04-15 18:20:03.120889,1223,18,15,4
2026-04-15 07:46:03.120889,1224,7,15,4
2026-04-15 04:37:03.120889,1225,4,15,4
2026-04-15 02:24:03.120889,1226,2,15,4
2026-04-15 02:29:03.120889,1227,2,15,4
2026-04-15 13:36:03.120889,1228,13,15,4
2026-04-15 07:33:03.120889,1229,7,15,4
2026-04-15 11:20:03.120889,1230,11,15,4
2026-04-15 13:47:03.120889,1231,13,15,4
2026-04-15 09:04:03.120889,1232,9,15,4
2026-04-14 21:50:03.120889,1233,21,14,4
2026-04-14 21:44:03.120889,1234,21,14,4
2026-04-15 04:08:03.120889,1235,4,15,4
2026-04-14 22:30:03.120889,1236,22,14,4
2026-04-15 16:17:03.120889,1237,16,15,4
2026-04-15 04:03:03.120889,1238,4,15,4
2026-04-15 17:24:03.120889,1239,17,15,4
2026-04-15 10:31:03.120889,1240,10,15,4
2026-04-15 19:33:03.120889,1241,19,15,4
2026-04-15 10:21:03.120889,1242,10,15,4
2026-04-15 03:57:03.120889,1243,3,15,4
2026-04-15 05:54:03.120889,1244,5,15,4
2026-04-15 04:47:03.120889,1245,4,15,4
2026-04-15 07:53:03.120889,1246,7,15,4
2026-04-15 14:56:03.120889,1247,14,15,4
2026-04-15 02:39:03.120889,1248,2,15,4
2026-04-15 07:47:03.120889,1249,7,15,4
2026-04-14 20:13:03.120889,1250,20,14,4
2026-04-15 15:13:03.120889,1251,15,15,4
2026-04-15 18:32:03.120889,1252,18,15,4
2026-04-15 05:35:03.120889,1253,5,15,4
2026-04-15 15:48:03.120889,1254,15,15,4
2026-04-15 18:59:03.120889,1255,18,15,4
2026-04-15 16:28:03.120889,1256,16,15,4
2026-04-15 15:49:03.120889,1257,15,15,4
2026-04-14 21:36:03.120889,1258,21,14,4
2026-04-15 02:09:03.120889,1259,2,15,4
2026-04-15 03:42:03.120889,1260,3,15,4
2026-04-14 20:33:03.120889,1261,20,14,4
2026-04-15 10:27:03.120889,1262,10,15,4
2026-04-15 18:22:03.120889,1263,18,15,4
2026-04-14 20:05:03.120889,1264,20,14,4
2026-04-15 10:41:03.120889,1265,10,15,4
2026-04-15 12:31:03.120889,1266,12,15,4
2026-04-15 02:37:03.120889,1267,2,15,4
2026-04-14 20:47:03.120889,1268,20,14,4
2026-04-15 09:45:03.120889,1269,9,15,4
2026-04-15 19:03:03.120889,1270,19,15,4
2026-04-15 17:14:03.120889,1271,17,15,4
2026-04-15 02:30:03.120889,1272,2,15,4
2026-04-15 03:48:03.120889,1273,3,15,4
2026-04-15 17:42:03.120889,1274,17,15,4
2026-04-15 01:59:03.120889,1275,1,15,4
2026-04-15 08:55:03.120889,1276,8,15,4
2026-04-15 09:44:03.120889,1277,9,15,4
2026-04-15 04:00:03.120889,1278,4,15,4
2026-04-15 08:21:03.120889,1279,8,15,4
2026-04-14 19:51:03.120889,1280,19,14,4
2026-04-15 05:58:03.120889,1281,5,15,4
2026-04-15 04:43:03.120889,1282,4,15,4
2026-04-15 15:12:03.120889,1283,15,15,4
2026-04-15 02:53:03.120889,1284,2,15,4
2026-04-15 10:46:03.120889,1285,10,15,4
2026-04-15 02:31:03.120889,1286,2,15,4
2026-04-15 14:52:03.120889,1287,14,15,4
2026-04-15 10:16:03.120889,1288,10,15,4
2026-04-15 06:10:03.120889,1289,6,15,4
2026-04-15 02:08:03.120889,1290,2,15,4
2026-04-15 19:08:03.120889,1291,19,15,4
2026-04-15 15:38:03.120889,1292,15,15,4
2026-04-15 10:19:03.120889,1293,10,15,4
2026-04-15 15:00:03.120889,1294,15,15,4
2026-04-15 03:22:03.120889,1295,3,15,4
2026-04-15 03:36:03.120889,1296,3,15,4
2026-04-15 10:34:03.120889,1297,10,15,4
2026-04-15 08:13:03.120889,1298,8,15,4
2026-04-15 02:26:03.120889,1299,2,15,4
2026-04-15 15:41:03.120889,1300,15,15,4
2026-04-14 22:21:03.120889,1301,22,14,4
2026-04-15 09:52:03.120889,1302,9,15,4
2026-04-15 00:02:03.120889,1303,0,15,4
2026-04-14 19:57:03.120889,1304,19,14,4
2026-04-15 07:28:03.120889,1305,7,15,4
2026-04-15 10:58:03.120889,1306,10,15,4
2026-04-15 09:54:03.120889,1307,9,15,4
2026-04-15 02:05:03.120889,1308,2,15,4
2026-04-15 10:36:03.120889,1309,10,15,4
2026-04-14 19:52:03.120889,1310,19,14,4
2026-04-15 10:06:03.120889,1311,10,15,4
2026-04-14 23:22:03.120889,1312,23,14,4
2026-04-15 10:47:03.120889,1313,10,15,4
2026-04-15 10:33:03.120889,1314,10,15,4
2026-04-15 04:07:03.120889,1315,4,15,4
2026-04-15 14:40:03.120889,1316,14,15,4
2026-04-15 02:38:03.120889,1317,2,15,4
2026-04-15 05:13:03.120889,1318,5,15,4
2026-04-15 04:38:03.120889,1319,4,15,4
2026-04-15 11:48:03.120889,1320,11,15,4
2026-04-15 02:07:03.120889,1321,2,15,4
2026-04-15 01:39:03.120889,1322,1,15,4
2026-04-15 06:32:03.120889,1323,6,15,4
2026-04-15 10:56:03.120889,1324,10,15,4
2026-04-15 18:55:03.120889,1325,18,15,4
2026-04-15 14:46:03.120889,1326,14,15,4
2026-04-15 16:49:03.120889,1327,16,15,4
2026-04-15 14:11:03.120889,1328,14,15,4
2026-04-15 09:02:03.120889,1329,9,15,4
2026-04-15 18:33:03.120889,1330,18,15,4
2026-04-15 05:27:03.120889,1331,5,15,4
2026-04-15 12:29:03.120889,1332,12,15,4
2026-04-14 23:28:03.120889,1333,23,14,4
2026-04-14 22:55:03.120889,1334,22,14,4
2026-04-14 21:12:03.120889,1335,21,14,4
2026-04-15 07:17:03.120889,1336,7,15,4
2026-04-15 02:01:03.120889,1337,2,15,4
2026-04-15 18:13:03.120889,1338,18,15,4
2026-04-15 02:21:03.120889,1339,2,15,4
2026-04-14 21:21:03.120889,1340,21,14,4
2026-04-15 13:35:03.120889,1341,13,15,4
2026-04-15 18:49:03.120889,1342,18,15,4
2026-04-15 03:54:03.120889,1343,3,15,4
2026-04-15 15:09:03.120889,1344,15,15,4
2026-04-15 02:59:03.120889,1345,2,15,4
2026-04-15 16:34:03.120889,1346,16,15,4
2026-04-15 19:06:03.120889,1347,19,15,4
2026-04-15 18:18:03.120889,1348,18,15,4
2026-04-15 08:37:03.120889,1349,8,15,4
2026-04-15 17:50:03.120889,1350,17,15,4
2026-04-15 05:56:03.120889,1351,5,15,4
2026-04-15 05:41:03.120889,1352,5,15,4
2026-04-14 22:01:03.120889,1353,22,14,4
2026-04-15 14:51:03.120889,1354,14,15,4
2026-04-15 13:55:03.120889,1355,13,15,4
2026-04-15 16:41:03.120889,1356,16,15,4
2026-04-15 01:17:03.120889,1357,1,15,4
2026-04-15 05:51:03.120889,1358,5,15,4
2026-04-14 21:03:03.120889,1359,21,14,4
2026-04-14 19:48:03.120889,1360,19,14,4
2026-04-15 15:57:03.120889,1361,15,15,4
2026-04-15 08:46:03.120889,1362,8,15,4
2026-04-15 15:07:03.120889,1363,15,15,4
2026-04-15 05:57:03.120889,1364,5,15,4
2026-04-15 16:50:03.120889,1365,16,15,4
2026-04-15 12:48:03.120889,1366,12,15,4
2026-04-15 15:08:03.120889,1367,15,15,4
2026-04-15 17:00:03.120889,1368,17,15,4
2026-04-15 09:53:03.120889,1369,9,15,4
2026-04-15 13:49:03.120889,1370,13,15,4
2026-04-14 22:27:03.120889,1371,22,14,4
2026-04-15 10:52:03.120889,1372,10,15,4
2026-04-15 12:44:03.120889,1373,12,15,4
2026-04-15 12:58:03.120889,1374,12,15,4
2026-04-15 13:59:03.120889,1375,13,15,4
2026-04-15 12:06:03.120889,1376,12,15,4
2026-04-15 12:22:03.120889,1377,12,15,4
2026-04-15 01:43:03.120889,1378,1,15,4
2026-04-15 12:03:03.120889,1379,12,15,4
2026-04-15 16:48:03.120889,1380,16,15,4
2026-04-14 22:05:03.120889,1381,22,14,4
2026-04-14 22:07:03.120889,1382,22,14,4
2026-04-15 18:25:03.120889,1383,18,15,4
2026-04-14 20:26:03.120889,1384,20,14,4
2026-04-15 08:56:03.120889,1385,8,15,4
2026-04-15 09:48:03.120889,1386,9,15,4
2026-04-15 16:23:03.120889,1387,16,15,4
